215.136	50.0363	
215.158	49.7317	
215.181	49.4283	
215.203	49.1261	
215.225	48.825	
215.246	48.5251	
215.268	48.2264	
215.289	47.9288	
215.31	47.6324	
215.331	47.3371	
215.352	47.043	
215.372	46.75	
215.392	46.4581	
215.412	46.1674	
215.432	45.8778	
215.451	45.5894	
215.471	45.3021	
215.49	45.0158	
215.509	44.7307	
215.528	44.4468	
215.546	44.1639	
215.565	43.8821	
215.583	43.6014	
215.601	43.3219	
215.619	43.0434	
215.636	42.766	
215.654	42.4897	
215.671	42.2144	
215.688	41.9403	
215.705	41.6672	
215.722	41.3952	
215.738	41.1242	
215.755	40.8544	
215.771	40.5855	
215.787	40.3177	
215.803	40.051	
215.819	39.7853	
215.834	39.5207	
215.85	39.2571	
215.865	38.9946	
215.88	38.733	
215.895	38.4725	
215.91	38.213	
215.924	37.9546	
215.939	37.6971	
215.953	37.4407	
215.967	37.1853	
215.981	36.9309	
215.995	36.6775	
216.008	36.4251	
216.022	36.1737	
216.035	35.9232	
216.049	35.6738	
216.062	35.4253	
216.075	35.1779	
216.088	34.9314	
216.1	34.6858	
216.113	34.4413	
216.125	34.1977	
216.137	33.9551	
216.15	33.7134	
216.162	33.4727	
216.174	33.2329	
216.185	32.9941	
216.197	32.7563	
216.208	32.5194	
216.22	32.2834	
216.231	32.0483	
216.242	31.8142	
216.253	31.581	
216.264	31.3488	
216.275	31.1174	
216.286	30.887	
216.296	30.6575	
216.307	30.4289	
216.317	30.2012	
216.327	29.9744	
216.337	29.7485	
216.347	29.5235	
216.357	29.2994	
216.367	29.0762	
216.377	28.8539	
216.386	28.6324	
216.396	28.4119	
216.405	28.1922	
216.414	27.9734	
216.423	27.7555	
216.432	27.5384	
216.441	27.3222	
216.45	27.1069	
216.459	26.8924	
216.468	26.6788	
216.476	26.466	
216.485	26.2541	
216.493	26.043	
216.501	25.8327	
216.51	25.6233	
216.518	25.4148	
216.526	25.207	
216.534	25.0001	
216.542	24.794	
216.549	24.5888	
216.557	24.3843	
216.565	24.1807	
216.572	23.9779	
216.58	23.7759	
216.587	23.5747	
216.594	23.3743	
216.601	23.1748	
216.609	22.976	
216.616	22.778	
216.623	22.5808	
216.629	22.3844	
216.636	22.1887	
216.643	21.9939	
216.65	21.7998	
216.656	21.6065	
216.663	21.414	
216.669	21.2223	
216.676	21.0313	
216.682	20.8411	
216.688	20.6517	
216.694	20.463	
216.7	20.275	
216.706	20.0879	
216.712	19.9014	
216.718	19.7158	
216.724	19.5308	
216.73	19.3466	
216.736	19.1632	
216.741	18.9805	
216.747	18.7985	
216.753	18.6172	
216.758	18.4367	
216.764	18.2569	
216.769	18.0778	
216.774	17.8994	
216.78	17.7218	
216.785	17.5449	
216.79	17.3686	
216.795	17.1931	
216.8	17.0183	
216.805	16.8442	
216.81	16.6708	
216.815	16.4981	
216.82	16.3261	
216.825	16.1548	
216.829	15.9841	
216.834	15.8142	
216.839	15.6449	
216.843	15.4763	
216.848	15.3084	
216.852	15.1412	
216.857	14.9746	
216.861	14.8087	
216.866	14.6435	
216.87	14.479	
216.874	14.3151	
216.878	14.1518	
216.883	13.9892	
216.887	13.8273	
216.891	13.666	
216.895	13.5054	
216.899	13.3455	
216.903	13.1861	
216.907	13.0274	
216.911	12.8694	
216.915	12.712	
216.919	12.5552	
216.923	12.399	
216.926	12.2435	
216.93	12.0886	
216.934	11.9344	
216.938	11.7807	
216.941	11.6277	
216.945	11.4753	
216.948	11.3235	
216.952	11.1723	
216.955	11.0217	
216.959	10.8718	
216.962	10.7224	
216.966	10.5736	
216.969	10.4255	
216.973	10.2779	
216.976	10.131	
216.979	9.98458	
216.982	9.83879	
216.986	9.6936	
216.989	9.54899	
216.992	9.40496	
216.995	9.26152	
216.998	9.11865	
217.002	8.97636	
217.005	8.83465	
217.008	8.6935	
217.011	8.55293	
217.014	8.41292	
217.017	8.27348	
217.02	8.1346	
217.023	7.99628	
217.026	7.85852	
217.029	7.72132	
217.031	7.58467	
217.034	7.44857	
217.037	7.31302	
217.04	7.17802	
217.043	7.04357	
217.045	6.90966	
217.048	6.77628	
217.051	6.64345	
217.054	6.51115	
217.056	6.37939	
217.059	6.24816	
217.062	6.11746	
217.064	5.98729	
217.067	5.85764	
217.07	5.72852	
217.072	5.59992	
217.075	5.47184	
217.077	5.34427	
217.08	5.21722	
217.082	5.09069	
217.085	4.96467	
217.087	4.83915	
217.09	4.71414	
217.092	4.58964	
217.095	4.46564	
217.097	4.34214	
217.1	4.21914	
217.102	4.09664	
217.104	3.97463	
217.107	3.85312	
217.109	3.7321	
217.112	3.61156	
217.114	3.49152	
217.116	3.37195	
217.119	3.25288	
217.121	3.13428	
217.123	3.01616	
217.125	2.89852	
217.128	2.78136	
217.13	2.66467	
217.132	2.54845	
217.134	2.4327	
217.137	2.31742	
217.139	2.2026	
217.141	2.08825	
217.143	1.97436	
217.146	1.86093	
217.148	1.74796	
217.15	1.63545	
217.152	1.52339	
217.154	1.41178	
217.156	1.30063	
217.159	1.18992	
217.161	1.07966	
217.163	0.96985	
217.165	0.860482	
217.167	0.751556	
217.169	0.643071	
217.171	0.535024	
217.173	0.427413	
217.175	0.320238	
217.178	0.213496	
217.18	0.107186	
217.182	0.00130551	
217.184	-0.104147	
217.186	-0.209173	
217.188	-0.313775	
217.19	-0.417953	
217.192	-0.521711	
217.194	-0.625049	
217.196	-0.727969	
217.198	-0.830474	
217.2	-0.932563	
217.202	-1.03424	
217.204	-1.13551	
217.206	-1.23636	
217.208	-1.33681	
217.21	-1.43685	
217.212	-1.53649	
217.214	-1.63573	
217.216	-1.73456	
217.218	-1.833	
217.22	-1.93104	
217.222	-2.02868	
217.224	-2.12592	
217.226	-2.22278	
217.228	-2.31924	
217.23	-2.41531	
217.232	-2.51099	
217.234	-2.60629	
217.236	-2.7012	
217.238	-2.79573	
217.24	-2.88987	
217.242	-2.98364	
217.244	-3.07702	
217.246	-3.17003	
217.248	-3.26266	
217.25	-3.35492	
217.252	-3.44681	
217.254	-3.53832	
217.256	-3.62946	
217.257	-3.72024	
217.259	-3.81065	
217.261	-3.90069	
217.263	-3.99037	
217.265	-4.07969	
217.267	-4.16865	
217.269	-4.25724	
217.271	-4.34548	
217.273	-4.43336	
217.275	-4.52089	
217.277	-4.60806	
217.279	-4.69488	
217.281	-4.78135	
217.283	-4.86748	
217.285	-4.95325	
217.287	-5.03867	
217.289	-5.12376	
217.291	-5.20849	
217.293	-5.29289	
217.295	-5.37694	
217.296	-5.46066	
217.298	-5.54403	
217.3	-5.62707	
217.302	-5.70978	
217.304	-5.79215	
217.306	-5.87418	
217.308	-5.95589	
217.31	-6.03727	
217.312	-6.11831	
217.314	-6.19903	
217.316	-6.27943	
217.318	-6.3595	
217.32	-6.43924	
217.322	-6.51867	
217.324	-6.59777	
217.326	-6.67655	
217.328	-6.75502	
217.33	-6.83317	
217.332	-6.911	
217.334	-6.98852	
217.336	-7.06572	
217.338	-7.14262	
217.34	-7.2192	
217.342	-7.29547	
217.344	-7.37144	
217.346	-7.4471	
217.348	-7.52245	
217.35	-7.5975	
217.352	-7.67225	
217.354	-7.7467	
217.356	-7.82084	
217.358	-7.89469	
217.36	-7.96823	
217.362	-8.04148	
217.364	-8.11444	
217.366	-8.1871	
217.368	-8.25946	
217.37	-8.33154	
217.372	-8.40332	
217.374	-8.47482	
217.376	-8.54602	
217.378	-8.61694	
217.38	-8.68757	
217.382	-8.75792	
217.384	-8.82799	
217.386	-8.89777	
217.388	-8.96726	
217.39	-9.03648	
217.392	-9.10542	
217.394	-9.17408	
217.396	-9.24247	
217.398	-9.31058	
217.4	-9.37841	
217.402	-9.44597	
217.404	-9.51326	
217.406	-9.58027	
217.408	-9.64702	
217.41	-9.7135	
217.412	-9.77971	
217.414	-9.84565	
217.416	-9.91132	
217.419	-9.97673	
217.421	-10.0419	
217.423	-10.1068	
217.425	-10.1714	
217.427	-10.2357	
217.429	-10.2999	
217.431	-10.3637	
217.433	-10.4273	
217.435	-10.4906	
217.437	-10.5537	
217.439	-10.6165	
217.442	-10.6791	
217.444	-10.7414	
217.446	-10.8035	
217.448	-10.8653	
217.45	-10.9268	
217.452	-10.9881	
217.454	-11.0492	
217.456	-11.11	
217.458	-11.1706	
217.461	-11.231	
217.463	-11.291	
217.465	-11.3509	
217.467	-11.4105	
217.469	-11.4699	
217.471	-11.529	
217.473	-11.5879	
217.476	-11.6465	
217.478	-11.705	
217.48	-11.7631	
217.482	-11.8211	
217.484	-11.8788	
217.486	-11.9363	
217.489	-11.9935	
217.491	-12.0505	
217.493	-12.1073	
217.495	-12.1639	
217.497	-12.2202	
217.499	-12.2763	
217.502	-12.3322	
217.504	-12.3879	
217.506	-12.4433	
217.508	-12.4985	
217.51	-12.5535	
217.513	-12.6083	
217.515	-12.6628	
217.517	-12.7171	
217.519	-12.7712	
217.521	-12.8251	
217.524	-12.8788	
217.526	-12.9322	
217.528	-12.9855	
217.53	-13.0385	
217.533	-13.0913	
217.535	-13.1439	
217.537	-13.1963	
217.539	-13.2485	
217.541	-13.3004	
217.544	-13.3522	
217.546	-13.4037	
217.548	-13.4551	
217.55	-13.5062	
217.553	-13.5571	
217.555	-13.6079	
217.557	-13.6584	
217.559	-13.7087	
217.562	-13.7588	
217.564	-13.8087	
217.566	-13.8584	
217.568	-13.908	
217.571	-13.9573	
217.573	-14.0064	
217.575	-14.0553	
217.578	-14.104	
217.58	-14.1525	
217.582	-14.2009	
217.584	-14.249	
217.587	-14.2969	
217.589	-14.3447	
217.591	-14.3922	
217.594	-14.4396	
217.596	-14.4868	
217.598	-14.5338	
217.6	-14.5806	
217.603	-14.6272	
217.605	-14.6736	
217.607	-14.7198	
217.61	-14.7659	
217.612	-14.8117	
217.614	-14.8574	
217.617	-14.9029	
217.619	-14.9482	
217.621	-14.9934	
217.624	-15.0383	
217.626	-15.0831	
217.628	-15.1277	
217.631	-15.1721	
217.633	-15.2163	
217.635	-15.2603	
217.638	-15.3042	
217.64	-15.3479	
217.642	-15.3914	
217.645	-15.4348	
217.647	-15.478	
217.649	-15.521	
217.652	-15.5638	
217.654	-15.6065	
217.656	-15.6489	
217.659	-15.6913	
217.661	-15.7334	
217.663	-15.7754	
217.666	-15.8172	
217.668	-15.8588	
217.671	-15.9003	
217.673	-15.9416	
217.675	-15.9827	
217.678	-16.0237	
217.68	-16.0645	
217.682	-16.1052	
217.685	-16.1456	
217.687	-16.186	
217.689	-16.2261	
217.692	-16.2661	
217.694	-16.306	
217.697	-16.3456	
217.699	-16.3851	
217.701	-16.4245	
217.704	-16.4637	
217.706	-16.5027	
217.709	-16.5416	
217.711	-16.5804	
217.713	-16.6189	
217.716	-16.6574	
217.718	-16.6956	
217.72	-16.7337	
217.723	-16.7717	
217.725	-16.8095	
217.728	-16.8472	
217.73	-16.8847	
217.732	-16.922	
217.735	-16.9592	
217.737	-16.9963	
217.74	-17.0332	
217.742	-17.0699	
217.744	-17.1065	
217.747	-17.143	
217.749	-17.1793	
217.752	-17.2155	
217.754	-17.2515	
217.757	-17.2874	
217.759	-17.3231	
217.761	-17.3587	
217.764	-17.3942	
217.766	-17.4295	
217.769	-17.4647	
217.771	-17.4997	
217.773	-17.5346	
217.776	-17.5693	
217.778	-17.6039	
217.781	-17.6384	
217.783	-17.6727	
217.786	-17.7069	
217.788	-17.741	
217.79	-17.7749	
217.793	-17.8087	
217.795	-17.8423	
217.798	-17.8758	
217.8	-17.9092	
217.802	-17.9425	
217.805	-17.9756	
217.807	-18.0086	
217.81	-18.0414	
217.812	-18.0741	
217.815	-18.1067	
217.817	-18.1392	
217.819	-18.1715	
217.822	-18.2037	
217.824	-18.2357	
217.827	-18.2677	
217.829	-18.2995	
217.832	-18.3312	
217.834	-18.3627	
217.836	-18.3942	
217.839	-18.4255	
217.841	-18.4566	
217.844	-18.4877	
217.846	-18.5186	
217.849	-18.5494	
217.851	-18.5801	
217.854	-18.6107	
217.856	-18.6411	
217.858	-18.6714	
217.861	-18.7016	
217.863	-18.7317	
217.866	-18.7616	
217.868	-18.7914	
217.871	-18.8212	
217.873	-18.8507	
217.875	-18.8802	
217.878	-18.9096	
217.88	-18.9388	
217.883	-18.9679	
217.885	-18.9969	
217.888	-19.0258	
217.89	-19.0546	
217.892	-19.0833	
217.895	-19.1118	
217.897	-19.1402	
217.9	-19.1685	
217.902	-19.1967	
217.905	-19.2248	
217.907	-19.2528	
217.909	-19.2807	
217.912	-19.3084	
217.914	-19.3361	
217.917	-19.3636	
217.919	-19.391	
217.922	-19.4183	
217.924	-19.4455	
217.926	-19.4726	
217.929	-19.4996	
217.931	-19.5265	
217.934	-19.5533	
217.936	-19.5799	
217.939	-19.6065	
217.941	-19.6329	
217.943	-19.6593	
217.946	-19.6855	
217.948	-19.7116	
217.951	-19.7377	
217.953	-19.7636	
217.956	-19.7894	
217.958	-19.8151	
217.96	-19.8407	
217.963	-19.8663	
217.965	-19.8917	
217.968	-19.917	
217.97	-19.9422	
217.972	-19.9673	
217.975	-19.9923	
217.977	-20.0172	
217.98	-20.042	
217.982	-20.0667	
217.984	-20.0913	
217.987	-20.1158	
217.989	-20.1402	
217.992	-20.1646	
217.994	-20.1888	
217.997	-20.2129	
217.999	-20.2369	
218.001	-20.2609	
218.004	-20.2847	
218.006	-20.3084	
218.009	-20.3321	
218.011	-20.3556	
218.013	-20.3791	
218.016	-20.4024	
218.018	-20.4257	
218.021	-20.4489	
218.023	-20.472	
218.025	-20.4949	
218.028	-20.5178	
218.03	-20.5406	
218.032	-20.5634	
218.035	-20.586	
218.037	-20.6085	
218.04	-20.631	
218.042	-20.6533	
218.044	-20.6756	
218.047	-20.6978	
218.049	-20.7198	
218.052	-20.7418	
218.054	-20.7638	
218.056	-20.7856	
218.059	-20.8073	
218.061	-20.829	
218.063	-20.8505	
218.066	-20.872	
218.068	-20.8934	
218.07	-20.9147	
218.073	-20.9359	
218.075	-20.9571	
218.078	-20.9781	
218.08	-20.9991	
218.082	-21.02	
218.085	-21.0408	
218.087	-21.0615	
218.089	-21.0821	
218.092	-21.1027	
218.094	-21.1231	
218.096	-21.1435	
218.099	-21.1638	
218.101	-21.1841	
218.103	-21.2042	
218.106	-21.2243	
218.108	-21.2443	
218.11	-21.2642	
218.113	-21.284	
218.115	-21.3037	
218.117	-21.3234	
218.12	-21.343	
218.122	-21.3625	
218.124	-21.3819	
218.127	-21.4013	
218.129	-21.4206	
218.131	-21.4398	
218.134	-21.4589	
218.136	-21.4779	
218.138	-21.4969	
218.141	-21.5158	
218.143	-21.5346	
218.145	-21.5534	
218.148	-21.572	
218.15	-21.5906	
218.152	-21.6092	
218.155	-21.6276	
218.157	-21.646	
218.159	-21.6643	
218.161	-21.6825	
218.164	-21.7007	
218.166	-21.7188	
218.168	-21.7368	
218.171	-21.7547	
218.173	-21.7726	
218.175	-21.7904	
218.177	-21.8081	
218.18	-21.8258	
218.182	-21.8433	
218.184	-21.8609	
218.187	-21.8783	
218.189	-21.8957	
218.191	-21.913	
218.193	-21.9302	
218.196	-21.9474	
218.198	-21.9645	
218.2	-21.9815	
218.202	-21.9985	
218.205	-22.0154	
218.207	-22.0322	
218.209	-22.049	
218.211	-22.0657	
218.214	-22.0823	
218.216	-22.0989	
218.218	-22.1154	
218.22	-22.1318	
218.223	-22.1482	
218.225	-22.1645	
218.227	-22.1807	
218.229	-22.1969	
218.232	-22.213	
218.234	-22.229	
218.236	-22.245	
218.238	-22.2609	
218.24	-22.2768	
218.243	-22.2925	
218.245	-22.3083	
218.247	-22.3239	
218.249	-22.3395	
218.252	-22.3551	
218.254	-22.3705	
218.256	-22.386	
218.258	-22.4013	
218.26	-22.4166	
218.263	-22.4318	
218.265	-22.447	
218.267	-22.4621	
218.269	-22.4772	
218.271	-22.4921	
218.273	-22.5071	
218.276	-22.5219	
218.278	-22.5368	
218.28	-22.5515	
218.282	-22.5662	
218.284	-22.5808	
218.286	-22.5954	
218.289	-22.6099	
218.291	-22.6244	
218.293	-22.6388	
218.295	-22.6531	
218.297	-22.6674	
218.299	-22.6817	
218.302	-22.6958	
218.304	-22.7099	
218.306	-22.724	
218.308	-22.738	
218.31	-22.752	
218.312	-22.7659	
218.314	-22.7797	
218.317	-22.7935	
218.319	-22.8072	
218.321	-22.8209	
218.323	-22.8345	
218.325	-22.8481	
218.327	-22.8616	
218.329	-22.875	
218.331	-22.8885	
218.334	-22.9018	
218.336	-22.9151	
218.338	-22.9283	
218.34	-22.9415	
218.342	-22.9547	
218.344	-22.9678	
218.346	-22.9808	
218.348	-22.9938	
218.35	-23.0067	
218.352	-23.0196	
218.354	-23.0324	
218.357	-23.0452	
218.359	-23.0579	
218.361	-23.0706	
218.363	-23.0832	
218.365	-23.0958	
218.367	-23.1083	
218.369	-23.1208	
218.371	-23.1332	
218.373	-23.1456	
218.375	-23.1579	
218.377	-23.1702	
218.379	-23.1825	
218.381	-23.1946	
218.383	-23.2068	
218.385	-23.2189	
218.387	-23.2309	
218.389	-23.2429	
218.391	-23.2548	
218.393	-23.2667	
218.396	-23.2786	
218.398	-23.2904	
218.4	-23.3021	
218.402	-23.3138	
218.404	-23.3255	
218.406	-23.3371	
218.408	-23.3487	
218.41	-23.3602	
218.412	-23.3716	
218.414	-23.3831	
218.416	-23.3945	
218.418	-23.4058	
218.42	-23.4171	
218.422	-23.4283	
218.424	-23.4395	
218.426	-23.4507	
218.428	-23.4618	
218.43	-23.4729	
218.431	-23.4839	
218.433	-23.4949	
218.435	-23.5058	
218.437	-23.5167	
218.439	-23.5276	
218.441	-23.5384	
218.443	-23.5492	
218.445	-23.5599	
218.447	-23.5706	
218.449	-23.5812	
218.451	-23.5918	
218.453	-23.6023	
218.455	-23.6129	
218.457	-23.6233	
218.459	-23.6338	
218.461	-23.6441	
218.463	-23.6545	
218.465	-23.6648	
218.467	-23.6751	
218.468	-23.6853	
218.47	-23.6955	
218.472	-23.7056	
218.474	-23.7157	
218.476	-23.7258	
218.478	-23.7358	
218.48	-23.7458	
218.482	-23.7557	
218.484	-23.7656	
218.486	-23.7755	
218.487	-23.7853	
218.489	-23.7951	
218.491	-23.8048	
218.493	-23.8145	
218.495	-23.8242	
218.497	-23.8338	
218.499	-23.8434	
218.501	-23.853	
218.502	-23.8625	
218.504	-23.872	
218.506	-23.8814	
218.508	-23.8908	
218.51	-23.9002	
218.512	-23.9095	
218.514	-23.9188	
218.515	-23.928	
218.517	-23.9373	
218.519	-23.9464	
218.521	-23.9556	
218.523	-23.9647	
218.525	-23.9738	
218.526	-23.9828	
218.528	-23.9918	
218.53	-24.0008	
218.532	-24.0097	
218.534	-24.0186	
218.535	-24.0274	
218.537	-24.0363	
218.539	-24.0451	
218.541	-24.0538	
218.543	-24.0625	
218.544	-24.0712	
218.546	-24.0799	
218.548	-24.0885	
218.55	-24.0971	
218.552	-24.1056	
218.553	-24.1141	
218.555	-24.1226	
218.557	-24.131	
218.559	-24.1394	
218.56	-24.1478	
218.562	-24.1562	
218.564	-24.1645	
218.566	-24.1728	
218.567	-24.181	
218.569	-24.1892	
218.571	-24.1974	
218.573	-24.2055	
218.574	-24.2137	
218.576	-24.2217	
218.578	-24.2298	
218.58	-24.2378	
218.581	-24.2458	
218.583	-24.2538	
218.585	-24.2617	
218.587	-24.2696	
218.588	-24.2774	
218.59	-24.2853	
218.592	-24.2931	
218.593	-24.3008	
218.595	-24.3086	
218.597	-24.3163	
218.599	-24.324	
218.6	-24.3316	
218.602	-24.3392	
218.604	-24.3468	
218.605	-24.3544	
218.607	-24.3619	
218.609	-24.3694	
218.61	-24.3768	
218.612	-24.3843	
218.614	-24.3917	
218.615	-24.3991	
218.617	-24.4064	
218.619	-24.4137	
218.62	-24.421	
218.622	-24.4283	
218.624	-24.4355	
218.625	-24.4427	
218.627	-24.4499	
218.629	-24.457	
218.63	-24.4641	
218.632	-24.4712	
218.633	-24.4783	
218.635	-24.4853	
218.637	-24.4923	
218.638	-24.4993	
218.64	-24.5063	
218.642	-24.5132	
218.643	-24.5201	
218.645	-24.5269	
218.646	-24.5338	
218.648	-24.5406	
218.65	-24.5474	
218.651	-24.5541	
218.653	-24.5609	
218.654	-24.5676	
218.656	-24.5743	
218.658	-24.5809	
218.659	-24.5875	
218.661	-24.5941	
218.662	-24.6007	
218.664	-24.6073	
218.666	-24.6138	
218.667	-24.6203	
218.669	-24.6267	
218.67	-24.6332	
218.672	-24.6396	
218.673	-24.646	
218.675	-24.6524	
218.676	-24.6587	
218.678	-24.665	
218.68	-24.6713	
218.681	-24.6776	
218.683	-24.6838	
218.684	-24.6901	
218.686	-24.6962	
218.687	-24.7024	
218.689	-24.7086	
218.69	-24.7147	
218.692	-24.7208	
218.693	-24.7268	
218.695	-24.7329	
218.696	-24.7389	
218.698	-24.7449	
218.699	-24.7509	
218.701	-24.7568	
218.702	-24.7628	
218.704	-24.7687	
218.705	-24.7746	
218.707	-24.7804	
218.708	-24.7863	
218.71	-24.7921	
218.711	-24.7979	
218.713	-24.8036	
218.714	-24.8094	
218.716	-24.8151	
218.717	-24.8208	
218.719	-24.8265	
218.72	-24.8321	
218.722	-24.8377	
218.723	-24.8434	
218.725	-24.8489	
218.726	-24.8545	
218.727	-24.86	
218.729	-24.8656	
218.73	-24.8711	
218.732	-24.8765	
218.733	-24.882	
218.735	-24.8874	
218.736	-24.8928	
218.738	-24.8982	
218.739	-24.9036	
218.74	-24.9089	
218.742	-24.9143	
218.743	-24.9196	
218.745	-24.9249	
218.746	-24.9301	
218.747	-24.9354	
218.749	-24.9406	
218.75	-24.9458	
218.752	-24.951	
218.753	-24.9561	
218.754	-24.9613	
218.756	-24.9664	
218.757	-24.9715	
218.759	-24.9766	
218.76	-24.9816	
218.761	-24.9866	
218.763	-24.9917	
218.764	-24.9967	
218.766	-25.0016	
218.767	-25.0066	
218.768	-25.0115	
218.77	-25.0165	
218.771	-25.0214	
218.772	-25.0262	
218.774	-25.0311	
218.775	-25.0359	
218.776	-25.0408	
218.778	-25.0456	
218.779	-25.0504	
218.78	-25.0551	
218.782	-25.0599	
218.783	-25.0646	
218.784	-25.0693	
218.786	-25.074	
218.787	-25.0787	
218.788	-25.0833	
218.79	-25.088	
218.791	-25.0926	
218.792	-25.0972	
218.794	-25.1018	
218.795	-25.1063	
218.796	-25.1109	
218.798	-25.1154	
218.799	-25.1199	
218.8	-25.1244	
218.802	-25.1289	
218.803	-25.1333	
218.804	-25.1378	
218.805	-25.1422	
218.807	-25.1466	
218.808	-25.151	
218.809	-25.1553	
218.811	-25.1597	
218.812	-25.164	
218.813	-25.1683	
218.814	-25.1726	
218.816	-25.1769	
218.817	-25.1812	
218.818	-25.1854	
218.819	-25.1896	
218.821	-25.1939	
218.822	-25.1981	
218.823	-25.2022	
218.824	-25.2064	
218.826	-25.2106	
218.827	-25.2147	
218.828	-25.2188	
218.829	-25.2229	
218.831	-25.227	
218.832	-25.231	
218.833	-25.2351	
218.834	-25.2391	
218.836	-25.2432	
218.837	-25.2472	
218.838	-25.2511	
218.839	-25.2551	
218.84	-25.2591	
218.842	-25.263	
218.843	-25.2669	
218.844	-25.2708	
218.845	-25.2747	
218.846	-25.2786	
218.848	-25.2825	
218.849	-25.2863	
218.85	-25.2902	
218.851	-25.294	
218.852	-25.2978	
218.854	-25.3016	
218.855	-25.3053	
218.856	-25.3091	
218.857	-25.3128	
218.858	-25.3166	
218.859	-25.3203	
218.861	-25.324	
218.862	-25.3276	
218.863	-25.3313	
218.864	-25.335	
218.865	-25.3386	
218.866	-25.3422	
218.868	-25.3458	
218.869	-25.3494	
218.87	-25.353	
218.871	-25.3566	
218.872	-25.3601	
218.873	-25.3637	
218.874	-25.3672	
218.876	-25.3707	
218.877	-25.3742	
218.878	-25.3777	
218.879	-25.3812	
218.88	-25.3846	
218.881	-25.3881	
218.882	-25.3915	
218.883	-25.3949	
218.885	-25.3983	
218.886	-25.4017	
218.887	-25.4051	
218.888	-25.4084	
218.889	-25.4118	
218.89	-25.4151	
218.891	-25.4185	
218.892	-25.4218	
218.893	-25.4251	
218.894	-25.4283	
218.896	-25.4316	
218.897	-25.4349	
218.898	-25.4381	
218.899	-25.4413	
218.9	-25.4446	
218.901	-25.4478	
218.902	-25.451	
218.903	-25.4541	
218.904	-25.4573	
218.905	-25.4605	
218.906	-25.4636	
218.907	-25.4667	
218.908	-25.4699	
218.909	-25.473	
218.91	-25.4761	
218.912	-25.4791	
218.913	-25.4822	
218.914	-25.4853	
218.915	-25.4883	
218.916	-25.4913	
218.917	-25.4944	
218.918	-25.4974	
218.919	-25.5004	
218.92	-25.5034	
218.921	-25.5063	
218.922	-25.5093	
218.923	-25.5122	
218.924	-25.5152	
218.925	-25.5181	
218.926	-25.521	
218.927	-25.5239	
218.928	-25.5268	
218.929	-25.5297	
218.93	-25.5326	
218.931	-25.5354	
218.932	-25.5383	
218.933	-25.5411	
218.934	-25.5439	
218.935	-25.5468	
218.936	-25.5496	
218.937	-25.5523	
218.938	-25.5551	
218.939	-25.5579	
218.94	-25.5607	
218.941	-25.5634	
218.942	-25.5661	
218.943	-25.5689	
218.944	-25.5716	
218.945	-25.5743	
218.946	-25.577	
218.947	-25.5797	
218.948	-25.5823	
218.949	-25.585	
218.95	-25.5876	
218.951	-25.5903	
218.952	-25.5929	
218.953	-25.5955	
218.954	-25.5981	
218.954	-25.6007	
218.955	-25.6033	
218.956	-25.6059	
218.957	-25.6085	
218.958	-25.611	
218.959	-25.6136	
218.96	-25.6161	
218.961	-25.6186	
218.962	-25.6212	
218.963	-25.6237	
218.964	-25.6262	
218.965	-25.6287	
218.966	-25.6311	
218.967	-25.6336	
218.968	-25.6361	
218.968	-25.6385	
218.969	-25.641	
218.97	-25.6434	
218.971	-25.6458	
218.972	-25.6482	
218.973	-25.6506	
218.974	-25.653	
218.975	-25.6554	
218.976	-25.6578	
218.977	-25.6601	
218.978	-25.6625	
218.978	-25.6648	
218.979	-25.6672	
218.98	-25.6695	
218.981	-25.6718	
218.982	-25.6741	
218.983	-25.6764	
218.984	-25.6787	
218.985	-25.681	
218.985	-25.6833	
218.986	-25.6855	
218.987	-25.6878	
218.988	-25.69	
218.989	-25.6923	
218.99	-25.6945	
218.991	-25.6967	
218.992	-25.6989	
218.992	-25.7011	
218.993	-25.7033	
218.994	-25.7055	
218.995	-25.7077	
218.996	-25.7098	
218.997	-25.712	
218.998	-25.7141	
218.998	-25.7163	
218.999	-25.7184	
219	-25.7205	
219.001	-25.7227	
219.002	-25.7248	
219.003	-25.7269	
219.003	-25.729	
219.004	-25.731	
219.005	-25.7331	
219.006	-25.7352	
219.007	-25.7372	
219.008	-25.7393	
219.008	-25.7413	
219.009	-25.7434	
219.01	-25.7454	
219.011	-25.7474	
219.012	-25.7494	
219.012	-25.7514	
219.013	-25.7534	
219.014	-25.7554	
219.015	-25.7574	
219.016	-25.7593	
219.016	-25.7613	
219.017	-25.7633	
219.018	-25.7652	
219.019	-25.7671	
219.02	-25.7691	
219.02	-25.771	
219.021	-25.7729	
219.022	-25.7748	
219.023	-25.7767	
219.024	-25.7786	
219.024	-25.7805	
219.025	-25.7824	
219.026	-25.7843	
219.027	-25.7861	
219.027	-25.788	
219.028	-25.7898	
219.029	-25.7917	
219.03	-25.7935	
219.03	-25.7953	
219.031	-25.7972	
219.032	-25.799	
219.033	-25.8008	
219.033	-25.8026	
219.034	-25.8044	
219.035	-25.8062	
219.036	-25.8079	
219.037	-25.8097	
219.037	-25.8115	
219.038	-25.8132	
219.039	-25.815	
219.039	-25.8167	
219.04	-25.8185	
219.041	-25.8202	
219.042	-25.8219	
219.042	-25.8236	
219.043	-25.8253	
219.044	-25.827	
219.045	-25.8287	
219.045	-25.8304	
219.046	-25.8321	
219.047	-25.8338	
219.048	-25.8354	
219.048	-25.8371	
219.049	-25.8388	
219.05	-25.8404	
219.05	-25.8421	
219.051	-25.8437	
219.052	-25.8453	
219.053	-25.8469	
219.053	-25.8486	
219.054	-25.8502	
219.055	-25.8518	
219.055	-25.8534	
219.056	-25.855	
219.057	-25.8566	
219.057	-25.8581	
219.058	-25.8597	
219.059	-25.8613	
219.06	-25.8628	
219.06	-25.8644	
219.061	-25.8659	
219.062	-25.8675	
219.062	-25.869	
219.063	-25.8705	
219.064	-25.8721	
219.064	-25.8736	
219.065	-25.8751	
219.066	-25.8766	
219.066	-25.8781	
219.067	-25.8796	
219.068	-25.8811	
219.068	-25.8826	
219.069	-25.884	
219.07	-25.8855	
219.07	-25.887	
219.071	-25.8884	
219.072	-25.8899	
219.072	-25.8913	
219.073	-25.8928	
219.074	-25.8942	
219.074	-25.8957	
219.075	-25.8971	
219.076	-25.8985	
219.076	-25.8999	
219.077	-25.9013	
219.078	-25.9027	
219.078	-25.9041	
219.079	-25.9055	
219.079	-25.9069	
219.08	-25.9083	
219.081	-25.9097	
219.081	-25.911	
219.082	-25.9124	
219.083	-25.9137	
219.083	-25.9151	
219.084	-25.9164	
219.084	-25.9178	
219.085	-25.9191	
219.086	-25.9205	
219.086	-25.9218	
219.087	-25.9231	
219.088	-25.9244	
219.088	-25.9257	
219.089	-25.927	
219.089	-25.9283	
219.09	-25.9296	
219.091	-25.9309	
219.091	-25.9322	
219.092	-25.9335	
219.092	-25.9348	
219.093	-25.9361	
219.094	-25.9373	
219.094	-25.9386	
219.095	-25.9398	
219.095	-25.9411	
219.096	-25.9423	
219.097	-25.9436	
219.097	-25.9448	
219.098	-25.946	
219.098	-25.9473	
219.099	-25.9485	
219.1	-25.9497	
219.1	-25.9509	
219.101	-25.9521	
219.101	-25.9533	
219.102	-25.9545	
219.103	-25.9557	
219.103	-25.9569	
219.104	-25.9581	
219.104	-25.9593	
219.105	-25.9604	
219.105	-25.9616	
219.106	-25.9628	
219.107	-25.9639	
219.107	-25.9651	
219.108	-25.9662	
219.108	-25.9674	
219.109	-25.9685	
219.109	-25.9697	
219.11	-25.9708	
219.11	-25.9719	
219.111	-25.9731	
219.112	-25.9742	
219.112	-25.9753	
219.113	-25.9764	
219.113	-25.9775	
219.114	-25.9786	
219.114	-25.9797	
219.115	-25.9808	
219.115	-25.9819	
219.116	-25.983	
219.117	-25.9841	
219.117	-25.9851	
219.118	-25.9862	
219.118	-25.9873	
219.119	-25.9884	
219.119	-25.9894	
219.12	-25.9905	
219.12	-25.9915	
219.121	-25.9926	
219.121	-25.9936	
219.122	-25.9946	
219.122	-25.9957	
219.123	-25.9967	
219.123	-25.9977	
219.124	-25.9988	
219.125	-25.9998	
219.125	-26.0008	
219.126	-26.0018	
219.126	-26.0028	
219.127	-26.0038	
219.127	-26.0048	
219.128	-26.0058	
219.128	-26.0068	
219.129	-26.0078	
219.129	-26.0088	
219.13	-26.0098	
219.13	-26.0107	
219.131	-26.0117	
219.131	-26.0127	
219.132	-26.0136	
219.132	-26.0146	
219.133	-26.0156	
219.133	-26.0165	
219.134	-26.0175	
219.134	-26.0184	
219.135	-26.0193	
219.135	-26.0203	
219.136	-26.0212	
219.136	-26.0221	
219.137	-26.0231	
219.137	-26.024	
219.138	-26.0249	
219.138	-26.0258	
219.139	-26.0267	
219.139	-26.0277	
219.14	-26.0286	
219.14	-26.0295	
219.14	-26.0304	
219.141	-26.0313	
219.141	-26.0321	
219.142	-26.033	
219.142	-26.0339	
219.143	-26.0348	
219.143	-26.0357	
219.144	-26.0366	
219.144	-26.0374	
219.145	-26.0383	
219.145	-26.0392	
219.146	-26.04	
219.146	-26.0409	
219.147	-26.0417	
219.147	-26.0426	
219.148	-26.0434	
219.148	-26.0443	
219.148	-26.0451	
219.149	-26.0459	
219.149	-26.0468	
219.15	-26.0476	
219.15	-26.0484	
219.151	-26.0493	
219.151	-26.0501	
219.152	-26.0509	
219.152	-26.0517	
219.152	-26.0525	
219.153	-26.0533	
219.153	-26.0541	
219.154	-26.0549	
219.154	-26.0557	
219.155	-26.0565	
219.155	-26.0573	
219.156	-26.0581	
219.156	-26.0589	
219.156	-26.0597	
219.157	-26.0604	
219.157	-26.0612	
219.158	-26.062	
219.158	-26.0628	
219.159	-26.0635	
219.159	-26.0643	
219.159	-26.0651	
219.16	-26.0658	
219.16	-26.0666	
219.161	-26.0673	
219.161	-26.0681	
219.162	-26.0688	
219.162	-26.0696	
219.162	-26.0703	
219.163	-26.071	
219.163	-26.0718	
219.164	-26.0725	
219.164	-26.0732	
219.165	-26.074	
219.165	-26.0747	
219.165	-26.0754	
219.166	-26.0761	
219.166	-26.0768	
219.167	-26.0776	
219.167	-26.0783	
219.167	-26.079	
219.168	-26.0797	
219.168	-26.0804	
219.169	-26.0811	
219.169	-26.0818	
219.169	-26.0825	
219.17	-26.0832	
219.17	-26.0838	
219.171	-26.0845	
219.171	-26.0852	
219.171	-26.0859	
219.172	-26.0866	
219.172	-26.0872	
219.173	-26.0879	
219.173	-26.0886	
219.173	-26.0892	
219.174	-26.0899	
219.174	-26.0906	
219.174	-26.0912	
219.175	-26.0919	
219.175	-26.0925	
219.176	-26.0932	
219.176	-26.0938	
219.176	-26.0945	
219.177	-26.0951	
219.177	-26.0958	
219.178	-26.0964	
219.178	-26.097	
219.178	-26.0977	
219.179	-26.0983	
219.179	-26.0989	
219.179	-26.0995	
219.18	-26.1002	
219.18	-26.1008	
219.181	-26.1014	
219.181	-26.102	
219.181	-26.1026	
219.182	-26.1032	
219.182	-26.1039	
219.182	-26.1045	
219.183	-26.1051	
219.183	-26.1057	
219.183	-26.1063	
219.184	-26.1069	
219.184	-26.1075	
219.185	-26.108	
219.185	-26.1086	
219.185	-26.1092	
219.186	-26.1098	
219.186	-26.1104	
219.186	-26.111	
219.187	-26.1115	
219.187	-26.1121	
219.187	-26.1127	
219.188	-26.1133	
219.188	-26.1138	
219.188	-26.1144	
219.189	-26.115	
219.189	-26.1155	
219.189	-26.1161	
219.19	-26.1166	
219.19	-26.1172	
219.19	-26.1178	
219.191	-26.1183	
219.191	-26.1189	
219.192	-26.1194	
219.192	-26.1199	
219.192	-26.1205	
219.193	-26.121	
219.193	-26.1216	
219.193	-26.1221	
219.194	-26.1226	
219.194	-26.1232	
219.194	-26.1237	
219.195	-26.1242	
219.195	-26.1248	
219.195	-26.1253	
219.196	-26.1258	
219.196	-26.1263	
219.196	-26.1268	
219.196	-26.1274	
219.197	-26.1279	
219.197	-26.1284	
219.197	-26.1289	
219.198	-26.1294	
219.198	-26.1299	
219.198	-26.1304	
219.199	-26.1309	
219.199	-26.1314	
219.199	-26.1319	
219.2	-26.1324	
219.2	-26.1329	
219.2	-26.1334	
219.201	-26.1339	
219.201	-26.1344	
219.201	-26.1349	
219.202	-26.1353	
219.202	-26.1358	
219.202	-26.1363	
219.203	-26.1368	
219.203	-26.1373	
219.203	-26.1377	
219.203	-26.1382	
219.204	-26.1387	
219.204	-26.1391	
219.204	-26.1396	
219.205	-26.1401	
219.205	-26.1405	
219.205	-26.141	
219.206	-26.1415	
219.206	-26.1419	
219.206	-26.1424	
219.206	-26.1428	
219.207	-26.1433	
219.207	-26.1437	
219.207	-26.1442	
219.208	-26.1446	
219.208	-26.1451	
219.208	-26.1455	
219.209	-26.146	
219.209	-26.1464	
219.209	-26.1468	
219.209	-26.1473	
219.21	-26.1477	
219.21	-26.1481	
219.21	-26.1486	
219.211	-26.149	
219.211	-26.1494	
219.211	-26.1499	
219.211	-26.1503	
219.212	-26.1507	
219.212	-26.1511	
219.212	-26.1516	
219.213	-26.152	
219.213	-26.1524	
219.213	-26.1528	
219.213	-26.1532	
219.214	-26.1536	
219.214	-26.154	
219.214	-26.1545	
219.214	-26.1549	
219.215	-26.1553	
219.215	-26.1557	
219.215	-26.1561	
219.216	-26.1565	
219.216	-26.1569	
219.216	-26.1573	
219.216	-26.1577	
219.217	-26.1581	
219.217	-26.1585	
219.217	-26.1588	
219.217	-26.1592	
219.218	-26.1596	
219.218	-26.16	
219.218	-26.1604	
219.218	-26.1608	
219.219	-26.1612	
219.219	-26.1615	
219.219	-26.1619	
219.22	-26.1623	
219.22	-26.1627	
219.22	-26.1631	
219.22	-26.1634	
219.221	-26.1638	
219.221	-26.1642	
219.221	-26.1645	
219.221	-26.1649	
219.222	-26.1653	
219.222	-26.1656	
219.222	-26.166	
219.222	-26.1664	
219.223	-26.1667	
219.223	-26.1671	
219.223	-26.1674	
219.223	-26.1678	
219.224	-26.1682	
219.224	-26.1685	
219.224	-26.1689	
219.224	-26.1692	
219.225	-26.1696	
219.225	-26.1699	
219.225	-26.1703	
219.225	-26.1706	
219.226	-26.1709	
219.226	-26.1713	
219.226	-26.1716	
219.226	-26.172	
219.227	-26.1723	
219.227	-26.1726	
219.227	-26.173	
219.227	-26.1733	
219.228	-26.1737	
219.228	-26.174	
219.228	-26.1743	
219.228	-26.1746	
219.228	-26.175	
219.229	-26.1753	
219.229	-26.1756	
219.229	-26.1759	
219.229	-26.1763	
219.23	-26.1766	
219.23	-26.1769	
219.23	-26.1772	
219.23	-26.1776	
219.231	-26.1779	
219.231	-26.1782	
219.231	-26.1785	
219.231	-26.1788	
219.231	-26.1791	
219.232	-26.1794	
219.232	-26.1797	
219.232	-26.1801	
219.232	-26.1804	
219.233	-26.1807	
219.233	-26.181	
219.233	-26.1813	
219.233	-26.1816	
219.233	-26.1819	
219.234	-26.1822	
219.234	-26.1825	
219.234	-26.1828	
219.234	-26.1831	
219.235	-26.1834	
219.235	-26.1837	
219.235	-26.184	
219.235	-26.1842	
219.235	-26.1845	
219.236	-26.1848	
219.236	-26.1851	
219.236	-26.1854	
219.236	-26.1857	
219.237	-26.186	
219.237	-26.1863	
219.237	-26.1865	
219.237	-26.1868	
219.237	-26.1871	
219.238	-26.1874	
219.238	-26.1877	
219.238	-26.1879	
219.238	-26.1882	
219.238	-26.1885	
219.239	-26.1888	
219.239	-26.189	
219.239	-26.1893	
219.239	-26.1896	
219.239	-26.1898	
219.24	-26.1901	
219.24	-26.1904	
219.24	-26.1907	
219.24	-26.1909	
219.24	-26.1912	
219.241	-26.1914	
219.241	-26.1917	
219.241	-26.192	
219.241	-26.1922	
219.241	-26.1925	
219.242	-26.1927	
219.242	-26.193	
219.242	-26.1933	
219.242	-26.1935	
219.242	-26.1938	
219.243	-26.194	
219.243	-26.1943	
219.243	-26.1945	
219.243	-26.1948	
219.243	-26.195	
219.244	-26.1953	
219.244	-26.1955	
219.244	-26.1958	
219.244	-26.196	
219.244	-26.1963	
219.245	-26.1965	
219.245	-26.1967	
219.245	-26.197	
219.245	-26.1972	
219.245	-26.1975	
219.246	-26.1977	
219.246	-26.1979	
219.246	-26.1982	
219.246	-26.1984	
219.246	-26.1987	
219.246	-26.1989	
219.247	-26.1991	
219.247	-26.1994	
219.247	-26.1996	
219.247	-26.1998	
219.247	-26.2	
219.248	-26.2003	
219.248	-26.2005	
219.248	-26.2007	
219.248	-26.201	
219.248	-26.2012	
219.248	-26.2014	
219.249	-26.2016	
219.249	-26.2019	
219.249	-26.2021	
219.249	-26.2023	
219.249	-26.2025	
219.249	-26.2027	
219.25	-26.203	
219.25	-26.2032	
219.25	-26.2034	
219.25	-26.2036	
219.25	-26.2038	
219.251	-26.204	
219.251	-26.2042	
219.251	-26.2045	
219.251	-26.2047	
219.251	-26.2049	
219.251	-26.2051	
219.252	-26.2053	
219.252	-26.2055	
219.252	-26.2057	
219.252	-26.2059	
219.252	-26.2061	
219.252	-26.2063	
219.253	-26.2065	
219.253	-26.2067	
219.253	-26.2069	
219.253	-26.2071	
219.253	-26.2073	
219.253	-26.2076	
219.254	-26.2077	
219.254	-26.2079	
219.254	-26.2081	
219.254	-26.2083	
219.254	-26.2085	
219.254	-26.2087	
219.255	-26.2089	
219.255	-26.2091	
219.255	-26.2093	
219.255	-26.2095	
219.255	-26.2097	
219.255	-26.2099	
219.255	-26.2101	
219.256	-26.2103	
219.256	-26.2105	
219.256	-26.2107	
219.256	-26.2108	
219.256	-26.211	
219.256	-26.2112	
219.257	-26.2114	
219.257	-26.2116	
219.257	-26.2118	
219.257	-26.2119	
219.257	-26.2121	
219.257	-26.2123	
219.258	-26.2125	
219.258	-26.2127	
219.258	-26.2129	
219.258	-26.213	
219.258	-26.2132	
219.258	-26.2134	
219.258	-26.2136	
219.259	-26.2137	
219.259	-26.2139	
219.259	-26.2141	
219.259	-26.2143	
219.259	-26.2144	
219.259	-26.2146	
219.259	-26.2148	
219.26	-26.215	
219.26	-26.2151	
219.26	-26.2153	
219.26	-26.2155	
219.26	-26.2156	
219.26	-26.2158	
219.26	-26.216	
219.261	-26.2161	
219.261	-26.2163	
219.261	-26.2165	
219.261	-26.2166	
219.261	-26.2168	
219.261	-26.217	
219.261	-26.2171	
219.262	-26.2173	
219.262	-26.2174	
219.262	-26.2176	
219.262	-26.2178	
219.262	-26.2179	
219.262	-26.2181	
219.262	-26.2182	
219.263	-26.2184	
219.263	-26.2186	
219.263	-26.2187	
219.263	-26.2189	
219.263	-26.219	
219.263	-26.2192	
219.263	-26.2193	
219.264	-26.2195	
219.264	-26.2196	
219.264	-26.2198	
219.264	-26.22	
219.264	-26.2201	
219.264	-26.2203	
219.264	-26.2204	
219.264	-26.2206	
219.265	-26.2207	
219.265	-26.2208	
219.265	-26.221	
219.265	-26.2211	
219.265	-26.2213	
219.265	-26.2214	
219.265	-26.2216	
219.266	-26.2217	
219.266	-26.2219	
219.266	-26.222	
219.266	-26.2222	
219.266	-26.2223	
219.266	-26.2224	
219.266	-26.2226	
219.266	-26.2227	
219.267	-26.2229	
219.267	-26.223	
219.267	-26.2231	
219.267	-26.2233	
219.267	-26.2234	
219.267	-26.2236	
219.267	-26.2237	
219.267	-26.2238	
219.268	-26.224	
219.268	-26.2241	
219.268	-26.2242	
219.268	-26.2244	
219.268	-26.2245	
219.268	-26.2246	
219.268	-26.2248	
219.268	-26.2249	
219.269	-26.225	
219.269	-26.2252	
219.269	-26.2253	
219.269	-26.2254	
219.269	-26.2256	
219.269	-26.2257	
219.269	-26.2258	
219.269	-26.226	
219.269	-26.2261	
219.27	-26.2262	
219.27	-26.2263	
219.27	-26.2265	
219.27	-26.2266	
219.27	-26.2267	
219.27	-26.2268	
219.27	-26.227	
219.27	-26.2271	
219.271	-26.2272	
219.271	-26.2273	
219.271	-26.2275	
219.271	-26.2276	
219.271	-26.2277	
219.271	-26.2278	
219.271	-26.2279	
219.271	-26.2281	
219.271	-26.2282	
219.272	-26.2283	
219.272	-26.2284	
219.272	-26.2285	
219.272	-26.2287	
219.272	-26.2288	
219.272	-26.2289	
219.272	-26.229	
219.272	-26.2291	
219.272	-26.2292	
219.273	-26.2294	
219.273	-26.2295	
219.273	-26.2296	
219.273	-26.2297	
219.273	-26.2298	
219.273	-26.2299	
219.273	-26.23	
219.273	-26.2301	
219.273	-26.2303	
219.274	-26.2304	
219.274	-26.2305	
219.274	-26.2306	
219.274	-26.2307	
219.274	-26.2308	
219.274	-26.2309	
