54.2539
54.0371
53.8212
53.6061
53.3918
53.1784
52.9658
52.7541
52.5431
52.333
52.1237
51.9153
51.7076
51.5008
51.2948
51.0895
50.8851
50.6815
50.4787
50.2767
50.0754
49.875
49.6753
49.4765
49.2784
49.0811
48.8845
48.6888
48.4938
48.2996
48.1061
47.9134
47.7214
47.5303
47.3398
47.1501
46.9612
46.773
46.5856
46.3989
46.2129
46.0277
45.8432
45.6594
45.4763
45.294
45.1124
44.9315
44.7514
44.5719
44.3932
44.2151
44.0378
43.8612
43.6853
43.51
43.3355
43.1616
42.9885
42.816
42.6442
42.4731
42.3027
42.133
41.9639
41.7955
41.6278
41.4607
41.2944
41.1286
40.9636
40.7991
40.6354
40.4723
40.3098
40.148
39.9868
39.8263
39.6664
39.5072
39.3486
39.1906
39.0333
38.8766
38.7205
38.565
38.4102
38.2559
38.1023
37.9493
37.797
37.6452
37.494
37.3434
37.1935
37.0441
36.8954
36.7472
36.5996
36.4526
36.3063
36.1605
36.0152
35.8706
35.7265
35.5831
35.4401
35.2978
35.1561
35.0149
34.8742
34.7342
34.5947
34.4557
34.3174
34.1795
34.0423
33.9055
33.7694
33.6337
33.4987
33.3641
33.2301
33.0967
32.9638
32.8314
32.6995
32.5682
32.4374
32.3072
32.1774
32.0482
31.9195
31.7913
31.6637
31.5365
31.4099
31.2837
31.1581
31.033
30.9084
30.7843
30.6607
30.5376
30.415
30.2929
30.1712
30.0501
29.9295
29.8093
29.6896
29.5705
29.4517
29.3335
29.2158
29.0985
28.9817
28.8654
28.7495
28.6341
28.5192
28.4047
28.2907
28.1772
28.0641
27.9515
27.8393
27.7276
27.6163
27.5055
27.3952
27.2852
27.1758
27.0667
26.9581
26.85
26.7423
26.635
26.5282
26.4217
26.3158
26.2102
26.1051
26.0004
25.8961
25.7923
25.6888
25.5858
25.4832
25.381
25.2793
25.1779
25.077
24.9764
24.8763
24.7766
24.6772
24.5783
24.4798
24.3817
24.284
24.1866
24.0897
23.9932
23.897
23.8013
23.7059
23.6109
23.5163
23.4221
23.3283
23.2348
23.1417
23.0491
22.9567
22.8648
22.7732
22.682
22.5912
22.5007
22.4106
22.3209
22.2315
22.1425
22.0539
21.9656
21.8776
21.7901
21.7029
21.616
21.5295
21.4433
21.3575
21.272
21.1869
21.1022
21.0177
20.9336
20.8499
20.7665
20.6834
20.6007
20.5183
20.4363
20.3545
20.2731
20.1921
20.1113
20.0309
19.9508
19.8711
19.7917
19.7125
19.6338
19.5553
19.4771
19.3993
19.3218
19.2446
19.1677
19.0911
19.0148
18.9389
18.8632
18.7879
18.7128
18.6381
18.5637
18.4895
18.4157
18.3422
18.269
18.196
18.1234
18.051
17.979
17.9072
17.8358
17.7646
17.6937
17.6231
17.5528
17.4828
17.413
17.3435
17.2744
17.2055
17.1368
17.0685
17.0004
16.9326
16.8651
16.7979
16.7309
16.6642
16.5978
16.5317
16.4658
16.4001
16.3348
16.2697
16.2049
16.1403
16.076
16.012
15.9482
15.8847
15.8214
15.7584
15.6956
15.6331
15.5709
15.5089
15.4472
15.3857
15.3244
15.2634
15.2027
15.1422
15.0819
15.0219
14.9622
14.9026
14.8434
14.7843
14.7255
14.6669
14.6086
14.5505
14.4927
14.435
14.3777
14.3205
14.2636
14.2069
14.1504
14.0942
14.0382
13.9824
13.9268
13.8715
13.8164
13.7615
13.7069
13.6524
13.5982
13.5442
13.4904
13.4369
13.3835
13.3304
13.2775
13.2248
13.1723
13.12
13.0679
13.0161
12.9644
12.913
12.8618
12.8108
12.76
12.7094
12.659
12.6088
12.5588
12.509
12.4594
12.41
12.3608
12.3118
12.263
12.2144
12.166
12.1178
12.0698
12.022
11.9744
11.9269
11.8797
11.8327
11.7858
11.7391
11.6927
11.6464
11.6003
11.5544
11.5086
11.4631
11.4177
11.3725
11.3276
11.2827
11.2381
11.1937
11.1494
11.1053
11.0614
11.0176
10.9741
10.9307
10.8875
10.8444
10.8016
10.7589
10.7164
10.674
10.6319
10.5899
10.548
10.5064
10.4649
10.4235
10.3824
10.3414
10.3005
10.2599
10.2194
10.179
10.1389
10.0989
10.059
10.0193
9.97978
9.94041
9.9012
9.86214
9.82324
9.7845
9.74592
9.70749
9.66922
9.6311
9.59313
9.55532
9.51766
9.48015
9.4428
9.40559
9.36854
9.33163
9.29487
9.25826
9.2218
9.18548
9.14931
9.11329
9.07741
9.04168
9.00609
8.97064
8.93534
8.90018
8.86516
8.83028
8.79554
8.76094
8.72648
8.69216
8.65798
8.62393
8.59002
8.55625
8.52262
8.48912
8.45575
8.42252
8.38942
8.35646
8.32363
8.29093
8.25836
8.22592
8.19362
8.16144
8.12939
8.09748
8.06569
8.03402
8.00249
7.97108
7.9398
7.90864
7.87761
7.84671
7.81592
7.78527
7.75473
7.72432
7.69403
7.66386
7.63381
7.60389
7.57408
7.54439
7.51483
7.48538
7.45605
7.42683
7.39774
7.36876
7.3399
7.31115
7.28252
7.25401
7.2256
7.19732
7.16914
7.14108
7.11313
7.0853
7.05757
7.02996
7.00246
6.97506
6.94778
6.92061
6.89354
6.86659
6.83974
6.813
6.78637
6.75984
6.73342
6.70711
6.6809
6.6548
6.6288
6.60291
6.57712
6.55143
6.52584
6.50036
6.47498
6.44971
6.42453
6.39945
6.37448
6.3496
6.32483
6.30015
6.27557
6.25109
6.22671
6.20243
6.17824
6.15415
6.13016
6.10626
6.08246
6.05875
6.03514
6.01162
5.9882
5.96487
5.94163
5.91849
5.89544
5.87248
5.84961
5.82684
5.80415
5.78156
5.75905
5.73664
5.71432
5.69208
5.66994
5.64788
5.62591
5.60403
5.58223
5.56053
5.53891
5.51737
5.49593
5.47456
5.45329
5.43209
5.41099
5.38996
5.36902
5.34817
5.3274
5.30671
5.2861
5.26558
5.24513
5.22477
5.20449
5.18429
5.16417
5.14414
5.12418
5.1043
5.0845
5.06478
5.04514
5.02557
5.00609
4.98668
4.96735
4.9481
4.92892
4.90982
4.8908
4.87185
4.85297
4.83418
4.81545
4.79681
4.77823
4.75973
4.74131
4.72295
4.70467
4.68647
4.66833
4.65027
4.63228
4.61436
4.59651
4.57874
4.56103
4.54339
4.52583
4.50833
4.49091
4.47355
4.45626
4.43905
4.4219
4.40481
4.3878
4.37085
4.35398
4.33716
4.32042
4.30374
4.28713
4.27058
4.2541
4.23769
4.22134
4.20505
4.18883
4.17268
4.15659
4.14056
4.1246
4.10869
4.09286
4.07708
4.06137
4.04572
4.03014
4.01461
3.99915
3.98374
3.9684
3.95312
3.9379
3.92274
3.90764
3.89261
3.87763
3.86271
3.84784
3.83304
3.8183
3.80361
3.78899
3.77442
3.75991
3.74545
3.73106
3.71672
3.70244
3.68821
3.67404
3.65993
3.64587
3.63187
3.61792
3.60403
3.5902
3.57642
3.56269
3.54902
3.5354
3.52184
3.50833
3.49487
3.48147
3.46812
3.45482
3.44157
3.42838
3.41524
3.40215
3.38911
3.37613
3.3632
3.35031
3.33748
3.3247
3.31197
3.29929
3.28666
3.27408
3.26155
3.24907
3.23664
3.22426
3.21192
3.19964
3.1874
3.17521
3.16307
3.15098
3.13894
3.12694
3.11499
3.10309
3.09124
3.07943
3.06767
3.05595
3.04428
3.03266
3.02109
3.00955
2.99807
2.98663
2.97523
2.96388
2.95258
2.94132
2.9301
2.91893
2.9078
2.89672
2.88568
2.87468
2.86373
2.85282
2.84195
2.83112
2.82034
2.8096
2.79891
2.78825
2.77764
2.76707
2.75654
2.74605
2.7356
2.7252
2.71483
2.70451
2.69423
2.68398
2.67378
2.66362
2.6535
2.64341
2.63337
2.62337
2.6134
2.60348
2.59359
2.58375
2.57394
2.56417
2.55444
2.54475
2.53509
2.52548
2.5159
2.50636
2.49685
2.48739
2.47796
2.46857
2.45921
2.44989
2.44061
2.43136
2.42216
2.41298
2.40385
2.39475
2.38568
2.37665
2.36766
2.3587
2.34977
2.34089
2.33203
2.32321
2.31443
2.30568
2.29696
2.28828
2.27964
2.27102
2.26244
2.2539
2.24539
2.23691
2.22846
2.22005
2.21167
2.20332
2.19501
2.18673
2.17848
2.17026
2.16208
2.15392
2.1458
2.13772
2.12966
2.12163
2.11364
2.10568
2.09775
2.08984
2.08198
2.07414
2.06633
2.05855
2.0508
2.04309
2.0354
2.02775
2.02012
2.01252
2.00496
1.99742
1.98991
1.98243
1.97498
1.96756
1.96017
1.95281
1.94548
1.93817
1.9309
1.92365
1.91643
1.90924
1.90208
1.89494
1.88783
1.88076
1.8737
1.86668
1.85968
1.85271
1.84577
1.83886
1.83197
1.82511
1.81827
1.81147
1.80468
1.79793
1.7912
1.7845
1.77782
1.77117
1.76455
1.75795
1.75138
1.74483
1.73831
1.73182
1.72535
1.7189
1.71248
1.70609
1.69972
1.69337
1.68705
1.68076
1.67448
1.66824
1.66202
1.65582
1.64964
1.64349
1.63737
1.63126
1.62519
1.61913
1.6131
1.60709
1.60111
1.59515
1.58921
1.58329
1.5774
1.57153
1.56569
1.55987
1.55406
1.54829
1.54253
1.5368
1.53109
1.5254
1.51973
1.51409
1.50847
1.50287
1.49729
1.49173
1.48619
1.48068
1.47519
1.46972
1.46427
1.45884
1.45343
1.44804
1.44268
1.43733
1.43201
1.4267
1.42142
1.41616
1.41092
1.4057
1.40049
1.39531
1.39015
1.38501
1.37989
1.37479
1.36971
1.36465
1.3596
1.35458
1.34958
1.34459
1.33963
1.33468
1.32976
1.32485
1.31996
1.3151
1.31025
1.30541
1.3006
1.29581
1.29103
1.28628
1.28154
1.27682
1.27212
1.26743
1.26277
1.25812
1.25349
1.24888
1.24429
1.23971
1.23515
1.23061
1.22609
1.22158
1.2171
1.21263
1.20817
1.20374
1.19932
1.19492
1.19053
1.18616
1.18181
1.17748
1.17316
1.16886
1.16458
1.16031
1.15606
1.15183
1.14761
1.14341
1.13922
1.13505
1.1309
1.12676
1.12264
1.11853
1.11444
1.11037
1.10631
1.10227
1.09824
1.09423
1.09024
1.08626
1.08229
1.07834
1.07441
1.07049
1.06658
1.0627
1.05882
1.05496
1.05112
1.04729
1.04347
1.03967
1.03589
1.03212
1.02836
1.02462
1.02089
1.01718
1.01348
1.0098
1.00613
1.00247
0.998831
0.995203
0.991589
0.987989
0.984403
0.980831
0.977273
0.973728
0.970197
0.966679
0.963175
0.959685
0.956208
0.952744
0.949293
0.945856
0.942433
0.939022
0.935624
0.93224
0.928868
0.92551
0.922164
0.918831
0.915511
0.912204
0.90891
0.905628
0.902359
0.899102
0.895858
0.892626
0.889407
0.8862
0.883006
0.879823
0.876653
0.873495
0.87035
0.867216
0.864094
0.860985
0.857887
0.854801
0.851727
0.848665
0.845614
0.842576
0.839549
0.836533
0.833529
0.830537
0.827556
0.824587
0.821629
0.818682
0.815746
0.812822
0.809909
0.807007
0.804117
0.801237
0.798369
0.795511
0.792664
0.789829
0.787004
0.78419
0.781387
0.778594
0.775812
0.773041
0.770281
0.767531
0.764791
0.762062
0.759344
0.756636
0.753938
0.75125
0.748573
0.745906
0.74325
0.740603
0.737967
0.735341
0.732724
0.730118
0.727522
0.724935
0.722359
0.719792
0.717235
0.714688
0.712151
0.709624
0.707106
0.704597
0.702099
0.699609
0.69713
0.694659
0.692199
0.689747
0.687305
0.684873
0.682449
0.680035
0.67763
0.675234
0.672848
0.67047
0.668102
0.665743
0.663392
0.661051
0.658718
0.656395
0.65408
0.651774
0.649477
0.647189
0.644909
0.642638
0.640376
0.638123
0.635878
0.633641
0.631413
0.629194
0.626983
0.62478
0.622586
0.6204
0.618223
0.616054
0.613893
0.61174
0.609596
0.607459
0.605331
0.603211
0.601099
0.598995
0.596899
0.594811
0.592731
0.590659
0.588595
0.586538
0.58449
0.582449
0.580416
0.578391
0.576373
0.574364
0.572361
0.570367
0.56838
0.5664
0.564428
0.562464
0.560507
0.558557
0.556615
0.55468
0.552753
0.550833
0.54892
0.547015
0.545117
0.543225
0.541342
0.539465
0.537595
0.535733
0.533877
0.532029
0.530188
0.528353
0.526526
0.524705
0.522892
0.521085
0.519285
0.517492
0.515706
0.513927
0.512154
0.510388
0.508629
0.506877
0.505131
0.503391
0.501659
0.499933
0.498213
0.4965
0.494793
0.493093
0.4914
0.489712
0.488032
0.486357
0.484689
0.483027
0.481372
0.479722
0.478079
0.476443
0.474812
0.473188
0.471569
0.469957
0.468351
0.466751
0.465157
0.46357
0.461988
0.460412
0.458842
0.457278
0.45572
0.454168
0.452622
0.451081
0.449547
0.448018
0.446495
0.444978
0.443466
0.441961
0.44046
0.438966
0.437477
0.435994
0.434517
0.433045
0.431578
0.430117
0.428662
0.427212
0.425768
0.424329
0.422896
0.421468
0.420045
0.418628
0.417216
0.415809
0.414408
0.413012
0.411621
0.410236
0.408855
0.40748
0.406111
0.404746
0.403386
0.402032
0.400683
0.399338
0.397999
0.396665
0.395336
0.394012
0.392693
0.391379
0.39007
0.388766
0.387467
0.386172
0.384883
0.383598
0.382318
0.381043
0.379773
0.378508
0.377247
0.375992
0.37474
0.373494
0.372252
0.371015
0.369783
0.368555
0.367332
0.366114
0.3649
0.36369
0.362486
0.361285
0.36009
0.358898
0.357712
0.356529
0.355352
0.354178
0.353009
0.351845
0.350684
0.349528
0.348377
0.34723
0.346087
0.344948
0.343814
0.342684
0.341558
0.340437
0.33932
0.338206
0.337098
0.335993
0.334892
0.333796
0.332703
0.331615
0.330531
0.329451
0.328375
0.327303
0.326235
0.325171
0.324111
0.323055
0.322003
0.320955
0.319911
0.318871
0.317834
0.316802
0.315773
0.314749
0.313728
0.312711
0.311698
0.310688
0.309683
0.308681
0.307683
0.306688
0.305698
0.304711
0.303728
0.302748
0.301772
0.3008
0.299832
0.298867
0.297906
0.296948
0.295994
0.295043
0.294096
0.293153
0.292213
0.291277
0.290344
0.289415
0.288489
0.287566
0.286648
0.285732
0.28482
0.283911
0.283006
0.282104
0.281206
0.280311
0.279419
0.27853
0.277645
0.276764
0.275885
0.27501
0.274138
0.273269
0.272404
0.271542
0.270683
0.269827
0.268974
0.268125
0.267279
0.266436
0.265596
0.264759
0.263926
0.263095
0.262268
0.261444
0.260622
0.259804
0.258989
0.258177
0.257368
0.256562
0.255759
0.254959
0.254162
0.253368
0.252577
0.251789
0.251004
0.250222
0.249443
0.248666
0.247893
0.247122
0.246355
0.24559
0.244828
0.244069
0.243312
0.242559
0.241808
0.24106
0.240315
0.239573
0.238833
0.238097
0.237362
0.236631
0.235903
0.235177
0.234454
0.233733
0.233015
0.2323
0.231588
0.230878
0.230171
0.229467
0.228765
0.228065
0.227369
0.226675
0.225983
0.225294
0.224608
0.223924
0.223243
0.222565
0.221888
0.221215
0.220544
0.219875
0.219209
0.218545
0.217884
0.217225
0.216569
0.215915
0.215264
0.214615
0.213968
0.213324
0.212683
0.212043
0.211406
0.210772
0.210139
0.209509
0.208882
0.208257
0.207634
0.207013
0.206395
0.205779
0.205165
0.204554
0.203945
0.203338
0.202733
0.202131
0.201531
0.200933
0.200337
0.199744
0.199152
0.198563
0.197977
0.197392
0.196809
0.196229
0.195651
0.195075
0.194501
0.193929
0.193359
0.192792
0.192226
0.191663
0.191102
0.190543
0.189986
0.18943
0.188878
0.188327
0.187778
0.187231
0.186686
0.186143
0.185603
0.185064
0.184527
0.183992
0.183459
0.182929
0.1824
0.181873
0.181348
0.180825
0.180304
0.179785
0.179268
0.178752
0.178239
0.177727
0.177218
0.17671
0.176204
0.1757
0.175198
0.174698
0.1742
0.173703
0.173209
0.172716
0.172225
0.171736
0.171248
0.170763
0.170279
0.169797
0.169317
0.168838
0.168362
0.167887
0.167414
0.166942
0.166472
0.166005
0.165538
0.165074
0.164611
0.16415
0.163691
0.163233
0.162777
0.162323
0.16187
0.16142
0.16097
0.160523
0.160077
0.159633
0.15919
0.158749
0.15831
0.157872
0.157436
0.157001
0.156568
0.156137
0.155707
0.155279
0.154853
0.154428
0.154004
0.153582
0.153162
0.152743
0.152326
0.151911
0.151496
0.151084
0.150673
0.150263
0.149855
0.149449
0.149044
0.14864
0.148238
0.147837
0.147438
0.147041
0.146645
0.14625
0.145857
0.145465
0.145074
0.144686
0.144298
0.143912
0.143527
0.143144
0.142762
0.142382
0.142003
0.141625
0.141249
0.140874
0.140501
0.140129
0.139758
0.139389
0.139021
0.138654
0.138289
0.137925
0.137562
0.137201
0.136841
0.136483
0.136125
0.135769
0.135415
0.135061
0.134709
0.134359
0.134009
0.133661
0.133314
0.132968
0.132624
0.132281
0.131939
0.131598
0.131259
0.130921
0.130584
0.130249
0.129914
0.129581
0.129249
0.128918
0.128589
0.128261
0.127934
0.127608
0.127283
0.126959
0.126637
0.126316
0.125996
0.125677
0.12536
0.125043
0.124728
0.124414
0.124101
0.123789
0.123478
0.123169
0.12286
0.122553
0.122247
0.121942
0.121638
0.121335
0.121034
0.120733
0.120434
0.120135
0.119838
0.119542
0.119246
0.118952
0.118659
0.118368
0.118077
0.117787
0.117498
0.117211
0.116924
0.116638
0.116354
0.116071
0.115788
0.115507
0.115226
0.114947
0.114669
0.114391
0.114115
0.11384
0.113565
0.113292
0.11302
0.112749
0.112478
0.112209
0.111941
0.111673
0.111407
0.111142
0.110877
0.110614
0.110351
0.11009
0.109829
0.109569
0.109311
0.109053
0.108796
0.10854
0.108285
0.108031
0.107778
0.107526
0.107275
0.107024
0.106775
0.106527
0.106279
0.106032
0.105786
0.105541
0.105297
0.105054
0.104812
0.104571
0.10433
0.104091
0.103852
0.103614
0.103377
0.103141
0.102905
0.102671
0.102437
0.102205
0.101973
0.101742
0.101512
0.101282
0.101054
0.100826
0.100599
0.100373
0.100148
0.0999233
0.0996997
0.0994769
0.0992549
0.0990337
0.0988133
0.0985937
0.098375
0.098157
0.0979398
0.0977233
0.0975077
0.0972928
0.0970788
0.0968655
0.0966529
0.0964412
0.0962302
0.09602
0.0958105
0.0956018
0.0953938
0.0951866
0.0949802
0.0947745
0.0945695
0.0943653
0.0941618
0.093959
0.093757
0.0935557
0.0933552
0.0931554
0.0929562
0.0927579
0.0925602
0.0923632
0.092167
0.0919714
0.0917766
0.0915825
0.091389
0.0911963
0.0910042
0.0908129
0.0906222
0.0904323
0.090243
0.0900544
0.0898664
0.0896792
0.0894926
0.0893067
0.0891215
0.0889369
0.088753
0.0885698
0.0883872
0.0882053
0.088024
0.0878434
0.0876634
0.0874841
0.0873054
0.0871274
0.08695
0.0867732
0.0865971
0.0864216
0.0862468
0.0860725
0.0858989
0.085726
0.0855536
0.0853819
0.0852107
0.0850402
0.0848703
0.084701
0.0845323
0.0843643
0.0841968
0.0840299
0.0838636
0.0836979
0.0835328
0.0833683
0.0832044
0.0830411
0.0828784
0.0827162
0.0825546
0.0823936
0.0822332
0.0820734
0.0819141
0.0817554
0.0815972
0.0814397
0.0812826
0.0811262
0.0809703
0.080815
0.0806602
0.0805059
0.0803523
0.0801991
0.0800465
0.0798945
0.079743
0.079592
0.0794416
0.0792917
0.0791424
0.0789936
0.0788453
0.0786975
0.0785503
0.0784036
0.0782574
0.0781117
0.0779665
0.0778219
0.0776778
0.0775342
0.0773911
0.0772485
0.0771064
0.0769648
0.0768238
0.0766832
0.0765431
0.0764035
0.0762644
0.0761259
0.0759878
0.0758501
0.075713
0.0755764
0.0754402
0.0753046
0.0751694
0.0750347
0.0749004
0.0747667
0.0746334
0.0745006
0.0743682
0.0742364
0.074105
0.073974
0.0738435
0.0737135
0.073584
0.0734549
0.0733262
0.073198
0.0730703
0.072943
0.0728162
0.0726898
0.0725638
0.0724383
0.0723133
0.0721886
0.0720645
0.0719407
0.0718174
0.0716945
0.0715721
0.0714501
0.0713285
0.0712074
0.0710866
0.0709663
0.0708465
0.070727
0.070608
0.0704893
0.0703711
0.0702533
0.070136
0.070019
0.0699025
0.0697863
0.0696706
0.0695553
0.0694403
0.0693258
0.0692117
0.069098
0.0689846
0.0688717
0.0687592
0.068647
0.0685353
0.0684239
0.068313
0.0682024
0.0680922
0.0679824
0.067873
0.0677639
0.0676553
0.067547
0.0674391
0.0673316
0.0672244
0.0671177
0.0670112
0.0669052
0.0667996
0.0666943
0.0665893
0.0664848
0.0663806
0.0662767
0.0661732
0.0660701
0.0659674
0.065865
0.0657629
0.0656612
0.0655599
0.0654589
0.0653583
0.065258
0.0651581
0.0650585
0.0649592
0.0648603
